Grid 01
003020600
900305001
001806400
008102900
700000008
006708200
002609500
800203009
005010300
Grid 02
200080300
060070084
030500209
000105408
000000000
402706000
301007040
720040060
004010003
Grid 03
000000907
000420180
000705026
100904000
050000040
000507009
920108000
034059000
507000000
Grid 04
030050040
008010500
460000012
070502080
000603000
040109030
250000098
001020600
080060020
Grid 05
020810740
700003100
090002805
009040087
400208003
160030200
302700060
005600008
076051090
Grid 06
100920000
524010000
000000070
050008102
000000000
402700090
060000000
000030945
000071006
Grid 07
043080250
600000000
000001094
900004070
000608000
010200003
820500000
000000005
034090710
Grid 08
480006902
002008001
900370060
840010200
003704100
001060049
020085007
700900600
609200018
Grid 09
000900002
050123400
030000160
908000000
070000090
000000205
091000050
007439020
400007000
Grid 10
001900003
900700160
030005007
050000009
004302600
200000070
600100030
042007006
500006800
Grid 11
000125400
008400000
420800000
074000100
080000040
005000080
000904000
000007200
000000361
Grid 12
050080190
000000000
000802000
060500000
000000000
000041060
000600000
000000000
098020070
Grid 13
008400000
420070000
000000050
070000009
000000000
100300070
090000000
000060400
000500800
Grid 14
208000000
040000030
000803000
000000000
000070900
060400000
000508000
090000070
000200800
Grid 15
003007040
080000060
000410200
000608000
010000050
000905000
005023000
090000080
070600100
Grid 16
000600800
040000070
000080000
000500000
800090003
000007000
000060000
050000080
004001000
Grid 17
020030090
000907000
900208005
004806500
607000208
003102900
800605007
000309000
030020050
Grid 18
005000006
070009020
000500107
804150000
000803000
000092805
907006000
030400010
200000600
Grid 19
040000050
001943600
009000300
600050002
103000506
800020007
005000200
002436700
030000040
Grid 20
004000000
000030002
390700080
400009001
209801307
600200008
010008053
900040000
000000800
Grid 21
360020089
000361000
000000000
803000602
400603007
607000108
000000000
000418000
970030014
Grid 22
500400060
009000800
640020000
000001008
208000501
700500000
000090084
003000600
060003002
Grid 23
007256400
400000005
010030060
000508000
008060200
000107000
030070090
200000004
006312700
Grid 24
000000000
079050180
800000007
007306800
450708096
003502700
700000005
016030420
000000000
Grid 25
030000080
009000500
007509200
700105008
020090030
900402001
004207100
002000800
070000090
Grid 26
200170603
050000100
000006079
000040700
000801000
009050000
310400000
005000060
906037002
Grid 27
000000080
800701040
040020030
374000900
000030000
005000321
010060050
050802006
080000000
Grid 28
000000085
000210009
960080100
500800016
000000000
890006007
009070052
300054000
480000000
Grid 29
608070502
050608070
002000300
500090006
040302050
800050003
005000200
010704090
409060701
Grid 30
050010040
107000602
000905000
208030501
040070020
901080406
000401000
304000709
020060010
Grid 31
020901000
000000000
000705300
102080000
000070000
000090805
007406000
000000000
000702060
Grid 32
000000000
009805100
051907420
290401065
000000000
140508093
026709580
005103600
000000000
Grid 33
020030090
000907000
900208005
004806500
607000208
003102900
800605007
000309000
030020050
Grid 34
005000006
070009020
000500107
804150000
000803000
000092805
907006000
030400010
200000600
Grid 35
040000050
001943600
009000300
600050002
103000506
800020007
005000200
002436700
030000040
Grid 36
004000000
000030002
390700080
400009001
209801307
600200008
010008053
900040000
000000800
Grid 37
360020089
000361000
000000000
803000602
400603007
607000108
000000000
000418000
970030014
Grid 38
500400060
009000800
640020000
000001008
208000501
700500000
000090084
003000600
060003002
Grid 39
007256400
400000005
010030060
000508000
008060200
000107000
030070090
200000004
006312700
Grid 40
000000000
079050180
800000007
007306800
450708096
003502700
700000005
016030420
000000000
Grid 41
030000080
009000500
007509200
700105008
020090030
900402001
004207100
002000800
070000090
Grid 42
200170603
050000100
000006079
000040700
000801000
009050000
310400000
005000060
906037002
Grid 43
000000080
800701040
040020030
374000900
000030000
005000321
010060050
050802006
080000000
Grid 44
000000085
000210009
960080100
500800016
000000000
890006007
009070052
300054000
480000000
Grid 45
608070502
050608070
002000300
500090006
040302050
800050003
005000200
010704090
409060701
Grid 46
050010040
107000602
000905000
208030501
040070020
901080406
000401000
304000709
020060010
Grid 47
020901000
000000000
000705300
102080000
000070000
000090805
007406000
000000000
000702060
Grid 48
000000000
009805100
051907420
290401065
000000000
140508093
026709580
005103600
000000000
Grid 49
020030090
000907000
900208005
004806500
607000208
003102900
800605007
000309000
030020050
Grid 50
005000006
070009020
000500107
804150000
000803000
000092805
907006000
030400010
200000600
